1.400000000000000000e+01 1.159674200681176520e-01 6.276398638459471102e-02 7.354487050877939192e-01 1.995655323218080257e+00
1.300000000000000000e+01 1.389524115890753142e-01 2.132563413477000722e-02 2.593586874789878885e-02 1.674795235923953046e-02
1.200000000000000000e+01 1.955624024073282785e-01 5.134510168397840579e-02 1.816842829187710964e-02 2.052180160132182057e-03
1.100000000000000000e+01 3.270250403362771618e-01 1.954218556282491248e-01 1.834081774172575605e-02 1.352041305039146293e-03
1.000000000000000000e+01 3.096048371130679100e-01 5.643334512630445755e-03 2.257134333378126717e-02 1.356141375703676663e-03
9.000000000000000000e+00 4.546883847533154110e-01 6.227038854889223492e-03 3.330445489963563405e-02 2.400928254464152964e-03
8.000000000000000000e+00 6.299358058620143641e-01 8.998020800189705098e-03 4.941163621507249637e-02 1.757117209882894148e-03
7.000000000000000000e+00 8.385427663992116587e-01 4.360402193906849980e-03 7.109617972159171240e-02 1.288649795675680726e-03
6.000000000000000000e+00 1.047384033203125009e+00 8.617974132997892681e-03 9.766454696655273160e-02 2.923719521689668432e-03
5.000000000000000000e+00 1.529370298480043244e+00 9.860666874100555701e-02 1.748607748805886541e-01 3.100660120631183736e-03
4.000000000000000000e+00 1.581980088177849186e+00 1.925840422901323179e-02 1.825525246414483882e-01 2.251727777975504573e-03
3.000000000000000000e+00 1.933557128906250089e+00 2.490038639578135565e-02 2.712440197284404775e-01 3.741208999684290850e-03
2.000000000000000000e+00 2.224436394522123273e+00 3.527933934053342074e-02 3.879573857672860560e-01 5.313456842234903603e-03
1.000000000000000000e+00 2.965195837099690035e+00 6.910131069359280731e-02 1.450571611893078483e+00 3.864203000349664130e-02
